{
  "source_images_bin": "data/raw/mipnerf360/counter/sparse/0/images.bin",
  "summary": {
    "count": 240,
    "location_minimum": [
      -4.295058953890122,
      -2.9302096025811926,
      -2.8538783480767154
    ],
    "location_maximum": [
      4.235372053084226,
      2.9324159464680495,
      4.189331988059009
    ],
    "location_mean": [
      -0.01872508389537426,
      -0.0044992231862769965,
      0.11365278360767268
    ]
  },
  "frames": [
    {
      "angle_x_radians": 0.9076872471507609,
      "image_id": 1,
      "matrix_world": [
        [
          0.5403782468396566,
          -0.42227211353506133,
          0.7277895385845634,
          2.8600304263520315
        ],
        [
          -0.46045411452208596,
          -0.8723524763255538,
          -0.1642655334157349,
          1.5212762347655788
        ],
        [
          0.7042537602045027,
          -0.2463481665840167,
          -0.6658372339081922,
          -0.6913106580594988
        ],
        [
          0.0,
          0.0,
          0.0,
          1.0
        ]
      ],
      "name": "DSCF5857.JPG"
    },
    {
      "angle_x_radians": 0.9076872471507609,
      "image_id": 2,
      "matrix_world": [
        [
          0.5325080335791048,
          -0.4455168445080691,
          0.7196873872962398,
          2.8680127136240077
        ],
        [
          -0.4812669913850908,
          -0.8588163406272679,
          -0.17554650687134637,
          1.4366768825600162
        ],
        [
          0.6962882141590921,
          -0.2528818584461165,
          -0.6717391521208069,
          -0.7260938635809804
        ],
        [
          0.0,
          0.0,
          0.0,
          1.0
        ]
      ],
      "name": "DSCF5858.JPG"
    },
    {
      "angle_x_radians": 0.9076872471507609,
      "image_id": 3,
      "matrix_world": [
        [
          0.5280570895965924,
          -0.44523081310146306,
          0.7231356948676967,
          2.8768604762574643
        ],
        [
          -0.4625796937612804,
          -0.8649257438317495,
          -0.19473953008265965,
          1.2367609830375121
        ],
        [
          0.7121627180964308,
          -0.23167429879489249,
          -0.662684904182522,
          -0.8065076999743059
        ],
        [
          0.0,
          0.0,
          0.0,
          1.0
        ]
      ],
      "name": "DSCF5859.JPG"
    },
    {
      "angle_x_radians": 0.9076872471507609,
      "image_id": 4,
      "matrix_world": [
        [
          0.5179223171590118,
          -0.4725834089767598,
          0.7130367416539939,
          2.8555186432407322
        ],
        [
          -0.4514668120009507,
          -0.8590120499183596,
          -0.24140425795075776,
          1.069195862470033
        ],
        [
          0.7265908002791793,
          -0.19688377194416584,
          -0.6582572364165088,
          -0.884327341175091
        ],
        [
          0.0,
          0.0,
          0.0,
          1.0
        ]
      ],
      "name": "DSCF5860.JPG"
    },
    {
      "angle_x_radians": 0.9076872471507609,
      "image_id": 5,
      "matrix_world": [
        [
          0.509847824318574,
          -0.4647725808394408,
          0.7239072068555902,
          2.837106056084108
        ],
        [
          -0.4385693902167019,
          -0.8643557982561663,
          -0.24606085423304516,
          0.8485246953375369
        ],
        [
          0.7400757299105051,
          -0.19202995110344415,
          -0.6445249505462469,
          -0.9475845990601681
        ],
        [
          0.0,
          0.0,
          0.0,
          1.0
        ]
      ],
      "name": "DSCF5861.JPG"
    },
    {
      "angle_x_radians": 0.9076872471507609,
      "image_id": 6,
      "matrix_world": [
        [
          0.496916349386904,
          -0.47263899895660827,
          0.7277956570200785,
          2.8387661289013955
        ],
        [
          -0.43274418327928926,
          -0.8619123928383341,
          -0.2642716384889574,
          0.630699408950488
        ],
        [
          0.7522011789075669,
          -0.18362843934693932,
          -0.6328301373299743,
          -0.980744206926338
        ],
        [
          0.0,
          0.0,
          0.0,
          1.0
        ]
      ],
      "name": "DSCF5862.JPG"
    },
    {
      "angle_x_radians": 0.9076872471507609,
      "image_id": 10,
      "matrix_world": [
        [
          0.45608128632928213,
          -0.4994282840444403,
          0.7365875707318535,
          2.861016688141786
        ],
        [
          -0.44027250095773973,
          -0.8459239686994038,
          -0.3009530928238938,
          0.40368710861260776
        ],
        [
          0.7734015678550467,
          -0.18704017824060187,
          -0.6056946314464735,
          -1.0357645673642268
        ],
        [
          0.0,
          0.0,
          0.0,
          1.0
        ]
      ],
      "name": "DSCF5863.JPG"
    },
    {
      "angle_x_radians": 0.9076872471507609,
      "image_id": 8,
      "matrix_world": [
        [
          0.42735372747699923,
          -0.5429659867924445,
          0.7228808538051218,
          2.8753030172602703
        ],
        [
          -0.46879314963812396,
          -0.816765958063187,
          -0.33634261193237464,
          0.17813729385839566
        ],
        [
          0.7730470713118848,
          -0.19514432334974913,
          -0.6035867117494274,
          -1.0563722170882968
        ],
        [
          0.0,
          0.0,
          0.0,
          1.0
        ]
      ],
      "name": "DSCF5864.JPG"
    },
    {
      "angle_x_radians": 0.9076872471507609,
      "image_id": 9,
      "matrix_world": [
        [
          0.37118781220140906,
          -0.5687557856501958,
          0.7339866922244298,
          2.9194375779440525
        ],
        [
          -0.507191564335708,
          -0.7863105220591757,
          -0.3528065758538578,
          -0.0424997120009544
        ],
        [
          0.7778022403797953,
          -0.2413143576094364,
          -0.5803370190430008,
          -1.0126452090466325
        ],
        [
          0.0,
          0.0,
          0.0,
          1.0
        ]
      ],
      "name": "DSCF5865.JPG"
    },
    {
      "angle_x_radians": 0.9076872471507609,
      "image_id": 7,
      "matrix_world": [
        [
          0.34226397499020234,
          -0.5469263108079161,
          0.7640202758892916,
          3.0528541114761447
        ],
        [
          -0.49381115039006396,
          -0.7964831488772889,
          -0.34894862272970817,
          -0.0279326315944719
        ],
        [
          0.7993784580374605,
          -0.2578491886753985,
          -0.5426857992661046,
          -0.805169256767627
        ],
        [
          0.0,
          0.0,
          0.0,
          1.0
        ]
      ],
      "name": "DSCF5866.JPG"
    },
    {
      "angle_x_radians": 0.9076872471507609,
      "image_id": 11,
      "matrix_world": [
        [
          0.3151405214940527,
          -0.5323085598381481,
          0.7857060829823665,
          3.206826504281639
        ],
        [
          -0.5105643642575832,
          -0.7929709656146834,
          -0.3324471050293062,
          0.06930762641711438
        ],
        [
          0.8000065510123693,
          -0.2963859727030841,
          -0.5216750650760875,
          -0.6468113944245613
        ],
        [
          0.0,
          0.0,
          0.0,
          1.0
        ]
      ],
      "name": "DSCF5867.JPG"
    },
    {
      "angle_x_radians": 0.9076872471507609,
      "image_id": 12,
      "matrix_world": [
        [
          0.2884580814986125,
          -0.469386495097992,
          0.8345467353226915,
          3.3744029646588936
        ],
        [
          -0.519761425402888,
          -0.8087621821924896,
          -0.2752304367587281,
          0.1465492654450055
        ],
        [
          0.804139288855667,
          -0.35437275695920095,
          -0.47726298122087485,
          -0.5680704820123883
        ],
        [
          0.0,
          0.0,
          0.0,
          1.0
        ]
      ],
      "name": "DSCF5868.JPG"
    },
    {
      "angle_x_radians": 0.9076872471507609,
      "image_id": 13,
      "matrix_world": [
        [
          0.2653065905778721,
          -0.423852788727711,
          0.8660030175950242,
          3.5536939998547434
        ],
        [
          -0.5144977422278686,
          -0.8218577060893949,
          -0.24462621319863398,
          0.24791298686466856
        ],
        [
          0.8154167561672812,
          -0.3806556507254558,
          -0.43611556878012125,
          -0.49903100061245675
        ],
        [
          0.0,
          0.0,
          0.0,
          1.0
        ]
      ],
      "name": "DSCF5869.JPG"
    },
    {
      "angle_x_radians": 0.9076872471507609,
      "image_id": 14,
      "matrix_world": [
        [
          0.24539873094024695,
          -0.393913082080063,
          0.8857832390709942,
          3.7219904542506868
        ],
        [
          -0.5250226264550786,
          -0.8221224688598425,
          -0.22014969431277548,
          0.3491280124961086
        ],
        [
          0.814942147985443,
          -0.4110317870457016,
          -0.4085610914843576,
          -0.4350460378692624
        ],
        [
          0.0,
          0.0,
          0.0,
          1.0
        ]
      ],
      "name": "DSCF5870.JPG"
    },
    {
      "angle_x_radians": 0.9076872471507609,
      "image_id": 15,
      "matrix_world": [
        [
          0.22682745336897223,
          -0.39243915532426255,
          0.8913701900818349,
          3.8800663693104385
        ],
        [
          -0.5399525177243001,
          -0.8123664271069001,
          -0.22025454981171014,
          0.4746900815308918
        ],
        [
          0.8105557260308118,
          -0.43133779973235487,
          -0.3961655178340421,
          -0.34554393746091355
        ],
        [
          0.0,
          0.0,
          0.0,
          1.0
        ]
      ],
      "name": "DSCF5871.JPG"
    },
    {
      "angle_x_radians": 0.9076872471507609,
      "image_id": 21,
      "matrix_world": [
        [
          0.20497516158170068,
          -0.3736109246000374,
          0.9046546634788662,
          3.9948647898671026
        ],
        [
          -0.5567485849109637,
          -0.8046871828592904,
          -0.20617844441555594,
          0.5803945323438087
        ],
        [
          0.8049945318660215,
          -0.46140374376622056,
          -0.37294823890765416,
          -0.21327097287329266
        ],
        [
          0.0,
          0.0,
          0.0,
          1.0
        ]
      ],
      "name": "DSCF5872.JPG"
    },
    {
      "angle_x_radians": 0.9076872471507609,
      "image_id": 17,
      "matrix_world": [
        [
          0.18606568755527877,
          -0.34986356253433143,
          0.9181367259430195,
          4.08823414477906
        ],
        [
          -0.562343380192106,
          -0.804189653141665,
          -0.19248097187515745,
          0.6900042204416038
        ],
        [
          0.8056981337130538,
          -0.48049400557205135,
          -0.34637555909825324,
          -0.032786518742453696
        ],
        [
          0.0,
          0.0,
          0.0,
          1.0
        ]
      ],
      "name": "DSCF5873.JPG"
    },
    {
      "angle_x_radians": 0.9076872471507609,
      "image_id": 18,
      "matrix_world": [
        [
          0.1283031707524717,
          -0.3611325953097372,
          0.9236457897807556,
          4.161451131036777
        ],
        [
          -0.5541301747848963,
          -0.7985028638929563,
          -0.2352295171690983,
          0.8216348146841579
        ],
        [
          0.8224828543913377,
          -0.48163931002317534,
          -0.3025649174519035,
          0.19325679764424156
        ],
        [
          0.0,
          0.0,
          0.0,
          1.0
        ]
      ],
      "name": "DSCF5874.JPG"
    },
    {
      "angle_x_radians": 0.9076872471507609,
      "image_id": 19,
      "matrix_world": [
        [
          0.07862310110836071,
          -0.36564458522506893,
          0.9274278652637583,
          4.235372053084226
        ],
        [
          -0.5442625642689269,
          -0.7951705858282364,
          -0.2673611799962581,
          0.8389028276717732
        ],
        [
          0.8352225267002301,
          -0.48374350303561353,
          -0.2615254369336121,
          0.45563727711039814
        ],
        [
          0.0,
          0.0,
          0.0,
          1.0
        ]
      ],
      "name": "DSCF5875.JPG"
    },
    {
      "angle_x_radians": 0.9076872471507609,
      "image_id": 20,
      "matrix_world": [
        [
          0.034246813307053925,
          -0.3946619130638233,
          0.9181879601449343,
          4.230262770360445
        ],
        [
          -0.5354243396927667,
          -0.7830034218678796,
          -0.31658556159079054,
          0.7624121744457191
        ],
        [
          0.8438885780971781,
          -0.48077813565094096,
          -0.23812696621157525,
          0.7742787259824733
        ],
        [
          0.0,
          0.0,
          0.0,
          1.0
        ]
      ],
      "name": "DSCF5876.JPG"
    },
    {
      "angle_x_radians": 0.9076872471507609,
      "image_id": 16,
      "matrix_world": [
        [
          -0.010850985940814045,
          -0.4465738457813853,
          0.8946809802204001,
          4.109188154171241
        ],
        [
          -0.5385507104920899,
          -0.7512682729990424,
          -0.3815221018676396,
          0.48632526509891927
        ],
        [
          0.8425232271768996,
          -0.4859709685249314,
          -0.2323506604646577,
          1.0175683450509094
        ],
        [
          0.0,
          0.0,
          0.0,
          1.0
        ]
      ],
      "name": "DSCF5877.JPG"
    },
    {
      "angle_x_radians": 0.9076872471507609,
      "image_id": 22,
      "matrix_world": [
        [
          -0.06643696315397263,
          -0.48457091080126363,
          0.8722254079835738,
          3.9589125146659763
        ],
        [
          -0.5414141442028018,
          -0.716769411619283,
          -0.43944548583879517,
          0.17725067238718856
        ],
        [
          0.8381269918001841,
          -0.5014305963662178,
          -0.21473356198739335,
          1.0665612197956018
        ],
        [
          0.0,
          0.0,
          0.0,
          1.0
        ]
      ],
      "name": "DSCF5878.JPG"
    },
    {
      "angle_x_radians": 0.9076872471507609,
      "image_id": 23,
      "matrix_world": [
        [
          -0.1438632063251809,
          -0.5420979914972842,
          0.8279088992639524,
          3.7619885674564006
        ],
        [
          -0.561919632524131,
          -0.6439063940527122,
          -0.5192599371047021,
          -0.09254955437922358
        ],
        [
          0.8145856028986668,
          -0.5399206639059518,
          -0.21198106575251474,
          1.0572077821743477
        ],
        [
          0.0,
          0.0,
          0.0,
          1.0
        ]
      ],
      "name": "DSCF5879.JPG"
    },
    {
      "angle_x_radians": 0.9076872471507609,
      "image_id": 24,
      "matrix_world": [
        [
          -0.21595709654611533,
          -0.5528036715733834,
          0.8048419926584092,
          3.5705996534573003
        ],
        [
          -0.5705382238694662,
          -0.5974851329315358,
          -0.5634692991012553,
          -0.3154419268915701
        ],
        [
          0.7923690223344466,
          -0.5808783148136725,
          -0.18636447039063353,
          0.9964537930933063
        ],
        [
          0.0,
          0.0,
          0.0,
          1.0
        ]
      ],
      "name": "DSCF5880.JPG"
    },
    {
      "angle_x_radians": 0.9076872471507609,
      "image_id": 25,
      "matrix_world": [
        [
          -0.22784377445211113,
          -0.5410113763532731,
          0.8095640216188913,
          3.4083223868011143
        ],
        [
          -0.5491709329068855,
          -0.6151721637301404,
          -0.5656628814247568,
          -0.44032257435942296
        ],
        [
          0.8040513048889335,
          -0.57347179497157,
          -0.1569445745430178,
          0.8160509483285638
        ],
        [
          0.0,
          0.0,
          0.0,
          1.0
        ]
      ],
      "name": "DSCF5881.JPG"
    },
    {
      "angle_x_radians": 0.9076872471507609,
      "image_id": 26,
      "matrix_world": [
        [
          -0.20552692829028119,
          -0.5067748806079808,
          0.8372203426412481,
          3.23850039058184
        ],
        [
          -0.5856797151499615,
          -0.6216832359171955,
          -0.5200857866173471,
          -0.5768884029747152
        ],
        [
          0.7840522642078283,
          -0.5972346059667771,
          -0.1690351218720143,
          0.5385513348043466
        ],
        [
          0.0,
          0.0,
          0.0,
          1.0
        ]
      ],
      "name": "DSCF5882.JPG"
    },
    {
      "angle_x_radians": 0.9076872471507609,
      "image_id": 27,
      "matrix_world": [
        [
          -0.22762739616410332,
          -0.5123759206860938,
          0.8280438903926705,
          3.1623304152192047
        ],
        [
          -0.6119968752132123,
          -0.5861485871418027,
          -0.5309328192162662,
          -0.7221378603697135
        ],
        [
          0.7573939485134634,
          -0.6276151286359709,
          -0.1801489857380253,
          0.38658188193284465
        ],
        [
          0.0,
          0.0,
          0.0,
          1.0
        ]
      ],
      "name": "DSCF5883.JPG"
    },
    {
      "angle_x_radians": 0.9076872471507609,
      "image_id": 28,
      "matrix_world": [
        [
          -0.3144876721753844,
          -0.4834256401330048,
          0.8169437890771329,
          3.1091258144457763
        ],
        [
          -0.6147020907508187,
          -0.552087105341373,
          -0.5633304250103631,
          -1.0255505229025978
        ],
        [
          0.7233525030552399,
          -0.6793375291986882,
          -0.12353816311545618,
          0.39717505917073465
        ],
        [
          0.0,
          0.0,
          0.0,
          1.0
        ]
      ],
      "name": "DSCF5884.JPG"
    },
    {
      "angle_x_radians": 0.9076872471507609,
      "image_id": 29,
      "matrix_world": [
        [
          -0.4123707024967403,
          -0.426358311653327,
          0.8050894321791023,
          3.025794474116016
        ],
        [
          -0.6257445820336204,
          -0.5097214496033569,
          -0.5904470864267366,
          -1.338289828936931
        ],
        [
          0.662113375320205,
          -0.7472634300555441,
          -0.0565972112714781,
          0.48673928366100855
        ],
        [
          0.0,
          0.0,
          0.0,
          1.0
        ]
      ],
      "name": "DSCF5885.JPG"
    },
    {
      "angle_x_radians": 0.9076872471507609,
      "image_id": 30,
      "matrix_world": [
        [
          -0.4420900423952799,
          -0.3597008995162911,
          0.8216882969241504,
          3.033371977674219
        ],
        [
          -0.5970926129191476,
          -0.5655934355112004,
          -0.5688448622463091,
          -1.4239795865260914
        ],
        [
          0.6693555154118958,
          -0.7421046614823334,
          0.035268475922088593,
          0.6784136940344903
        ],
        [
          0.0,
          0.0,
          0.0,
          1.0
        ]
      ],
      "name": "DSCF5886.JPG"
    },
    {
      "angle_x_radians": 0.9076872471507609,
      "image_id": 31,
      "matrix_world": [
        [
          -0.45222819940308695,
          -0.31983488830726214,
          0.8325835092566534,
          3.070417185421478
        ],
        [
          -0.581140238618061,
          -0.6024683883454405,
          -0.547090361917838,
          -1.3037792080057502
        ],
        [
          0.6765838297828184,
          -0.7312574685197608,
          0.0865842711494752,
          0.8927858236096005
        ],
        [
          0.0,
          0.0,
          0.0,
          1.0
        ]
      ],
      "name": "DSCF5887.JPG"
    },
    {
      "angle_x_radians": 0.9076872471507609,
      "image_id": 32,
      "matrix_world": [
        [
          -0.4570062776685963,
          -0.27605212122447087,
          0.8455415356675058,
          3.146079019043696
        ],
        [
          -0.579295856891188,
          -0.6289846948967011,
          -0.5184540131722466,
          -1.177488216394079
        ],
        [
          0.6749530149278526,
          -0.7267554471437927,
          0.12753410401389909,
          1.0481618264571875
        ],
        [
          0.0,
          0.0,
          0.0,
          1.0
        ]
      ],
      "name": "DSCF5888.JPG"
    },
    {
      "angle_x_radians": 0.9076872471507609,
      "image_id": 33,
      "matrix_world": [
        [
          -0.43765808957403735,
          -0.274031187681932,
          0.8563657541074575,
          3.2273058479152024
        ],
        [
          -0.5747659216374893,
          -0.647158872042638,
          -0.5008288426805192,
          -1.0338421045947046
        ],
        [
          0.6914474180692355,
          -0.7114016464094881,
          0.12573052744364854,
          1.2060684600224738
        ],
        [
          0.0,
          0.0,
          0.0,
          1.0
        ]
      ],
      "name": "DSCF5889.JPG"
    },
    {
      "angle_x_radians": 0.9076872471507609,
      "image_id": 34,
      "matrix_world": [
        [
          -0.41789822430423246,
          -0.29711258900635534,
          0.8585366524367557,
          3.299654784210704
        ],
        [
          -0.5663498557397868,
          -0.6537127290340929,
          -0.5019038840279297,
          -0.8836670861596191
        ],
        [
          0.7103583004561098,
          -0.695976851161545,
          0.1049157167461976,
          1.3602541867475768
        ],
        [
          0.0,
          0.0,
          0.0,
          1.0
        ]
      ],
      "name": "DSCF5890.JPG"
    },
    {
      "angle_x_radians": 0.9076872471507609,
      "image_id": 35,
      "matrix_world": [
        [
          -0.40112751577926203,
          -0.3356457858290826,
          0.8523136878755004,
          3.33447666858623
        ],
        [
          -0.5615392443988434,
          -0.6450180089403683,
          -0.5182908885390317,
          -0.7518182137924685
        ],
        [
          0.7237198305178147,
          -0.6865083208510881,
          0.07025619059901678,
          1.4992011688677056
        ],
        [
          0.0,
          0.0,
          0.0,
          1.0
        ]
      ],
      "name": "DSCF5891.JPG"
    },
    {
      "angle_x_radians": 0.9076872471507609,
      "image_id": 36,
      "matrix_world": [
        [
          -0.39110733905045164,
          -0.3569852028711965,
          0.8482904068017544,
          3.352654694416633
        ],
        [
          -0.5368615815549678,
          -0.6601543540622743,
          -0.5253340566372222,
          -0.6257840398576037
        ],
        [
          0.7475390903432234,
          -0.6608765344174601,
          0.06653957217471418,
          1.656130408832147
        ],
        [
          0.0,
          0.0,
          0.0,
          1.0
        ]
      ],
      "name": "DSCF5892.JPG"
    },
    {
      "angle_x_radians": 0.9076872471507609,
      "image_id": 37,
      "matrix_world": [
        [
          -0.39173666492912146,
          -0.38929446229046616,
          0.8336619260708661,
          3.3594937197383743
        ],
        [
          -0.5093456547019924,
          -0.6628157555729157,
          -0.5488554255908412,
          -0.4988780160516527
        ],
        [
          0.7662306372016249,
          -0.639628873483899,
          0.06136379078341225,
          1.8350417900026874
        ],
        [
          0.0,
          0.0,
          0.0,
          1.0
        ]
      ],
      "name": "DSCF5893.JPG"
    },
    {
      "angle_x_radians": 0.9076872471507609,
      "image_id": 38,
      "matrix_world": [
        [
          -0.39212284278809484,
          -0.4075824163605592,
          0.8246916090499959,
          3.346677977669064
        ],
        [
          -0.48157426842338097,
          -0.6728805728342445,
          -0.5615317966907525,
          -0.3728881586745145
        ],
        [
          0.7837894488676592,
          -0.6173397027374368,
          0.0675706390955757,
          2.0321360848453196
        ],
        [
          0.0,
          0.0,
          0.0,
          1.0
        ]
      ],
      "name": "DSCF5894.JPG"
    },
    {
      "angle_x_radians": 0.9076872471507609,
      "image_id": 39,
      "matrix_world": [
        [
          -0.4395084393621993,
          -0.45367134839426393,
          0.7752513394864498,
          3.197159471080224
        ],
        [
          -0.4519403960244952,
          -0.6341893107295727,
          -0.6273386618068202,
          -0.304415474930079
        ],
        [
          0.7762616892328429,
          -0.6260880335883123,
          0.07369914536067312,
          2.3180354894014963
        ],
        [
          0.0,
          0.0,
          0.0,
          1.0
        ]
      ],
      "name": "DSCF5895.JPG"
    },
    {
      "angle_x_radians": 0.9076872471507609,
      "image_id": 40,
      "matrix_world": [
        [
          -0.5361544881690269,
          -0.42448450564440976,
          0.7296240602420059,
          2.9706285523184057
        ],
        [
          -0.46090286331195074,
          -0.5769243462071534,
          -0.6743343750279188,
          -0.4337500517855836
        ],
        [
          0.707182377754886,
          -0.6978332202047061,
          0.11367445346988048,
          2.698036589390487
        ],
        [
          0.0,
          0.0,
          0.0,
          1.0
        ]
      ],
      "name": "DSCF5896.JPG"
    },
    {
      "angle_x_radians": 0.9076872471507609,
      "image_id": 41,
      "matrix_world": [
        [
          -0.6046499857059286,
          -0.4610593537322408,
          0.6494787657205034,
          2.825748511094376
        ],
        [
          -0.43542932806678686,
          -0.49144208664348454,
          -0.7542453020966086,
          -0.6043235635704947
        ],
        [
          0.6669330513965601,
          -0.7388565136828033,
          0.09639168606973803,
          2.886249354802329
        ],
        [
          0.0,
          0.0,
          0.0,
          1.0
        ]
      ],
      "name": "DSCF5897.JPG"
    },
    {
      "angle_x_radians": 0.9076872471507609,
      "image_id": 42,
      "matrix_world": [
        [
          -0.6026562266970862,
          -0.45290247909178055,
          0.6570272573156691,
          2.7008742497643183
        ],
        [
          -0.46768974561745774,
          -0.46665809508845,
          -0.7506640554420447,
          -0.786121230755067
        ],
        [
          0.6465846999949109,
          -0.7596772780075358,
          0.06941656150770481,
          2.7899611304572436
        ],
        [
          0.0,
          0.0,
          0.0,
          1.0
        ]
      ],
      "name": "DSCF5898.JPG"
    },
    {
      "angle_x_radians": 0.9076872471507609,
      "image_id": 43,
      "matrix_world": [
        [
          -0.673135331516545,
          -0.48204660245627673,
          0.5608207365321577,
          2.608073703601464
        ],
        [
          -0.4244859947588684,
          -0.3691264901482223,
          -0.8267752261191844,
          -0.9382273899286189
        ],
        [
          0.605557978824229,
          -0.7945921641516577,
          0.043850050753677094,
          2.720077595800203
        ],
        [
          0.0,
          0.0,
          0.0,
          1.0
        ]
      ],
      "name": "DSCF5899.JPG"
    },
    {
      "angle_x_radians": 0.9076872471507609,
      "image_id": 44,
      "matrix_world": [
        [
          -0.72999756174144,
          -0.44747990614072747,
          0.5165900632530962,
          2.4715851772613697
        ],
        [
          -0.4178873320369682,
          -0.30586256484645824,
          -0.8554637743052425,
          -1.1033535929954132
        ],
        [
          0.5408084111536884,
          -0.8403629126906016,
          0.03628274244859597,
          2.752299897210864
        ],
        [
          0.0,
          0.0,
          0.0,
          1.0
        ]
      ],
      "name": "DSCF5900.JPG"
    },
    {
      "angle_x_radians": 0.9076872471507609,
      "image_id": 45,
      "matrix_world": [
        [
          -0.7164155074832789,
          -0.4754234411906437,
          0.5106088250352936,
          2.458972210573692
        ],
        [
          -0.4193502944424463,
          -0.2914720084127832,
          -0.8597612452668777,
          -1.2120643391951456
        ],
        [
          0.5575788295734605,
          -0.8300702499657877,
          0.009446106776077379,
          2.624613844135763
        ],
        [
          0.0,
          0.0,
          0.0,
          1.0
        ]
      ],
      "name": "DSCF5901.JPG"
    },
    {
      "angle_x_radians": 0.9076872471507609,
      "image_id": 46,
      "matrix_world": [
        [
          -0.6915887099809243,
          -0.4854693947475843,
          0.5348126054893766,
          2.4806383820610365
        ],
        [
          -0.4392283333021574,
          -0.3051357884497301,
          -0.8449678229564548,
          -1.2720217785288164
        ],
        [
          0.5733964836407094,
          -0.8192750559919275,
          -0.002203446821227417,
          2.411845404557275
        ],
        [
          0.0,
          0.0,
          0.0,
          1.0
        ]
      ],
      "name": "DSCF5902.JPG"
    },
    {
      "angle_x_radians": 0.9076872471507609,
      "image_id": 47,
      "matrix_world": [
        [
          -0.7109288346389984,
          -0.45071143806690783,
          0.5398512681049248,
          2.4860342406995684
        ],
        [
          -0.44480811393776065,
          -0.3064087455150889,
          -0.8415815007751783,
          -1.3169025427859284
        ],
        [
          0.5447255582896471,
          -0.8384347799724969,
          0.017354707675522385,
          2.200991605888211
        ],
        [
          0.0,
          0.0,
          0.0,
          1.0
        ]
      ],
      "name": "DSCF5903.JPG"
    },
    {
      "angle_x_radians": 0.9076872471507609,
      "image_id": 53,
      "matrix_world": [
        [
          -0.717552114566671,
          -0.4362177892559054,
          0.5429852697979844,
          2.441363955674472
        ],
        [
          -0.44262126231704446,
          -0.31633724840981003,
          -0.8390573063941321,
          -1.4097887345485027
        ],
        [
          0.537778189429216,
          -0.8424041699832693,
          0.03390919298706241,
          2.0280085173000817
        ],
        [
          0.0,
          0.0,
          0.0,
          1.0
        ]
      ],
      "name": "DSCF5904.JPG"
    },
    {
      "angle_x_radians": 0.9076872471507609,
      "image_id": 49,
      "matrix_world": [
        [
          -0.7203044675572106,
          -0.41889481498686143,
          0.5528911357530044,
          2.404566365054247
        ],
        [
          -0.44539396506698314,
          -0.33174870983075155,
          -0.8316050801958481,
          -1.5126823704300507
        ],
        [
          0.5317759771736921,
          -0.8452632297117597,
          0.05238685520443276,
          1.8822180372091382
        ],
        [
          0.0,
          0.0,
          0.0,
          1.0
        ]
      ],
      "name": "DSCF5905.JPG"
    },
    {
      "angle_x_radians": 0.9076872471507609,
      "image_id": 50,
      "matrix_world": [
        [
          -0.7366362372731229,
          -0.38648099586092544,
          0.5549770209427078,
          2.361019419367997
        ],
        [
          -0.44762280649534203,
          -0.3365144646207997,
          -0.8284876813847084,
          -1.6612574480361146
        ],
        [
          0.5069525392394529,
          -0.8587144198971646,
          0.07489104098186328,
          1.7342700799545716
        ],
        [
          0.0,
          0.0,
          0.0,
          1.0
        ]
      ],
      "name": "DSCF5906.JPG"
    },
    {
      "angle_x_radians": 0.9076872471507609,
      "image_id": 51,
      "matrix_world": [
        [
          -0.7679213194272648,
          -0.34170532330000836,
          0.5417880759093227,
          2.2252728451876087
        ],
        [
          -0.4431987879436211,
          -0.32722682068775844,
          -0.8345642229258854,
          -1.8348548973266123
        ],
        [
          0.4624626271758555,
          -0.8809994777813541,
          0.09984106677408577,
          1.6415265179997787
        ],
        [
          0.0,
          0.0,
          0.0,
          1.0
        ]
      ],
      "name": "DSCF5907.JPG"
    },
    {
      "angle_x_radians": 0.9076872471507609,
      "image_id": 52,
      "matrix_world": [
        [
          -0.8528128729242439,
          -0.18283414511974264,
          0.4891644704524548,
          1.9986823547595631
        ],
        [
          -0.4174397634798612,
          -0.3241484832798479,
          -0.8489239098136251,
          -2.016648519535073
        ],
        [
          0.31377419849403687,
          -0.9281699392706636,
          0.20011575698509543,
          1.7187487440413294
        ],
        [
          0.0,
          0.0,
          0.0,
          1.0
        ]
      ],
      "name": "DSCF5908.JPG"
    },
    {
      "angle_x_radians": 0.9076872471507609,
      "image_id": 48,
      "matrix_world": [
        [
          -0.8950805573921213,
          -0.07689365963779851,
          0.43922449941472524,
          1.845765867994227
        ],
        [
          -0.3890537031950928,
          -0.3466138324774888,
          -0.8535198106461572,
          -2.128141533798389
        ],
        [
          0.21787154887408827,
          -0.9348509058896899,
          0.28033153933946153,
          2.05405884662701
        ],
        [
          0.0,
          0.0,
          0.0,
          1.0
        ]
      ],
      "name": "DSCF5909.JPG"
    },
    {
      "angle_x_radians": 0.9076872471507609,
      "image_id": 54,
      "matrix_world": [
        [
          -0.9103151142618711,
          -0.07284004757561177,
          0.4074564028403283,
          1.8212746364739167
        ],
        [
          -0.33788921782908143,
          -0.4378101733412385,
          -0.8331585254882569,
          -2.1488341537873223
        ],
        [
          0.23907586499111283,
          -0.8961119235832639,
          0.37393335126818283,
          2.396337189978209
        ],
        [
          0.0,
          0.0,
          0.0,
          1.0
        ]
      ],
      "name": "DSCF5910.JPG"
    },
    {
      "angle_x_radians": 0.9076872471507609,
      "image_id": 55,
      "matrix_world": [
        [
          -0.911957675259077,
          -0.08626113299041065,
          0.4011137188769183,
          1.7889287311200737
        ],
        [
          -0.31606989550385356,
          -0.4756403104073941,
          -0.8208934865570204,
          -2.066421730731578
        ],
        [
          0.26159705597013866,
          -0.8754000868464481,
          0.40649928444830996,
          2.6212056670193595
        ],
        [
          0.0,
          0.0,
          0.0,
          1.0
        ]
      ],
      "name": "DSCF5911.JPG"
    },
    {
      "angle_x_radians": 0.9076872471507609,
      "image_id": 56,
      "matrix_world": [
        [
          -0.9133986213018475,
          -0.09742072722046688,
          0.3952368410354992,
          1.7869615143944568
        ],
        [
          -0.31518631333928826,
          -0.4451859089534307,
          -0.8381331006188075,
          -1.942269763593039
        ],
        [
          0.25760540849810026,
          -0.8901228613945062,
          0.3759265156056222,
          2.8266627404982243
        ],
        [
          0.0,
          0.0,
          0.0,
          1.0
        ]
      ],
      "name": "DSCF5912.JPG"
    },
    {
      "angle_x_radians": 0.9076872471507609,
      "image_id": 57,
      "matrix_world": [
        [
          -0.9158642449465763,
          -0.11467516190020255,
          0.3847626438099213,
          1.795082083022724
        ],
        [
          -0.29838639640796855,
          -0.4467786558939867,
          -0.8434182776512669,
          -1.8630553223342872
        ],
        [
          0.2686228643788624,
          -0.8872645827940644,
          0.37497108802169055,
          2.975933874710802
        ],
        [
          0.0,
          0.0,
          0.0,
          1.0
        ]
      ],
      "name": "DSCF5913.JPG"
    },
    {
      "angle_x_radians": 0.9076872471507609,
      "image_id": 58,
      "matrix_world": [
        [
          -0.9073548648099685,
          -0.1384002942407513,
          0.3969288448321158,
          1.7872236651791624
        ],
        [
          -0.30234945655981604,
          -0.44114642456328546,
          -0.844970199600562,
          -1.7921065990647973
        ],
        [
          0.29204786495310714,
          -0.8866990417549255,
          0.35843110066961126,
          3.153968391941919
        ],
        [
          0.0,
          0.0,
          0.0,
          1.0
        ]
      ],
      "name": "DSCF5914.JPG"
    },
    {
      "angle_x_radians": 0.9076872471507609,
      "image_id": 64,
      "matrix_world": [
        [
          -0.9105513329727951,
          -0.14322513493361627,
          0.3877922520431705,
          1.7513184694179993
        ],
        [
          -0.29137917783005796,
          -0.4430726433559329,
          -0.8478117759483327,
          -1.7149250269526042
        ],
        [
          0.29324809419422654,
          -0.8849707302689925,
          0.3617075639499684,
          3.2895900301289864
        ],
        [
          0.0,
          0.0,
          0.0,
          1.0
        ]
      ],
      "name": "DSCF5915.JPG"
    },
    {
      "angle_x_radians": 0.9076872471507609,
      "image_id": 60,
      "matrix_world": [
        [
          -0.9055012876105386,
          -0.16408132122193625,
          0.3913371157476902,
          1.6876338799554018
        ],
        [
          -0.2924065250373947,
          -0.42704960268389325,
          -0.8556442373808664,
          -1.6242477080596238
        ],
        [
          0.3075155967609005,
          -0.8892164848188504,
          0.33871551614178363,
          3.4364536178582417
        ],
        [
          0.0,
          0.0,
          0.0,
          1.0
        ]
      ],
      "name": "DSCF5916.JPG"
    },
    {
      "angle_x_radians": 0.9076872471507609,
      "image_id": 61,
      "matrix_world": [
        [
          -0.9210264743371013,
          -0.1526869497206191,
          0.3583251720925884,
          1.596591308283284
        ],
        [
          -0.27203856174269575,
          -0.40622888569048343,
          -0.8723377289534334,
          -1.56836345930995
        ],
        [
          0.2787566223341349,
          -0.9009244073814858,
          0.3326108201625191,
          3.573763027517361
        ],
        [
          0.0,
          0.0,
          0.0,
